=== DISTRIBUCIÓN CONJUNTA ===
Número de variables: 21
Número de configuraciones: 2097152
------------------------------------------------------------
Distribución demasiado grande para mostrar completa (2097152 configuraciones).
Mostrando solo las primeras y últimas 5 configuraciones:

X1 X2 X3 X4 X5 X6 X7 X8 X9 X10 X11 X12 X13 X14 X15 X16 X17 X18 X19 X20 X21 | Probabilidad
------------------------------------------------------------
0  0  0  0  0  0  0  0  0  0  0  0  0  0  0  0  0  0  0  0  0  | 0.000000
0  0  0  0  0  0  0  0  0  0  0  0  0  0  0  0  0  0  0  0  1  | 0.000000
0  0  0  0  0  0  0  0  0  0  0  0  0  0  0  0  0  0  0  1  0  | 0.000000
0  0  0  0  0  0  0  0  0  0  0  0  0  0  0  0  0  0  0  1  1  | 0.000001
0  0  0  0  0  0  0  0  0  0  0  0  0  0  0  0  0  0  1  0  0  | 0.000001
... (2097142 configuraciones omitidas) ...
1  1  1  1  1  1  1  1  1  1  1  1  1  1  1  1  1  1  0  1  1  | 0.000001
1  1  1  1  1  1  1  1  1  1  1  1  1  1  1  1  1  1  1  0  0  | 0.000000
1  1  1  1  1  1  1  1  1  1  1  1  1  1  1  1  1  1  1  0  1  | 0.000001
1  1  1  1  1  1  1  1  1  1  1  1  1  1  1  1  1  1  1  1  0  | 0.000000
1  1  1  1  1  1  1  1  1  1  1  1  1  1  1  1  1  1  1  1  1  | 0.000000

=== DISTRIBUCIÓN CONDICIONAL ===
Variables condicionadas (X_C): X3=0, X4=1, X7=1
Variables de interés (X_I): X6, X8, X9

Probabilidades condicionales P(X_I | X_C):
------------------------------------------------------------
X6	X8	X9	| Probabilidad
------------------------------------------------------------
0	0	0	| 0.125244
0	0	1	| 0.125550
0	1	0	| 0.124554
0	1	1	| 0.125664
1	0	0	| 0.124310
1	0	1	| 0.125263
1	1	0	| 0.124610
1	1	1	| 0.124806
------------------------------------------------------------
Suma total: 1.000000
